******正在检测电脑相关信息功能******
2023-01-19 04:27:10
用户登录信息:[suser(name='李逸雄', terminal=None, host=None, started=1675009376.8154364, pid=None)]
cpu核心数：12
cpu详细信息：scputimes(user=61113.8125, system=149517.46875, idle=6578883.125, interrupt=2713.375, dpc=1080.5)
当前cpu总使用率：9.3%
内存使用情况:svmem(total=33974296576, available=18843250688, percent=44.5, used=15131045888, free=18843250688)
磁盘使用情况:sdiskusage(total=446228852736, used=121951588352, free=324277264384, percent=27.3)
正在运行的PID:[0, 4, 140, 172, 596, 804, 828, 840, 876, 884, 900, 956, 980, 1080, 1196, 1240, 1252, 1256, 1316, 1376, 1408, 1432, 1460, 1468, 1556, 1608, 1612, 1636, 1680, 1760, 1828, 1836, 1848, 1860, 1904, 1960, 1996, 2072, 2084, 2120, 2128, 2184, 2244, 2252, 2272, 2296, 2312, 2320, 2404, 2408, 2448, 2476, 2532, 2548, 2564, 2652, 2708, 2792, 2984, 3024, 3036, 3084, 3092, 3100, 3200, 3208, 3244, 3380, 3572, 3624, 3656, 3676, 3716, 3724, 3728, 3756, 3848, 3860, 3880, 3976, 4056, 4152, 4264, 4268, 4316, 4492, 4652, 4736, 4756, 4784, 4824, 4848, 4960, 5008, 5016, 5212, 5240, 5276, 5284, 5292, 5300, 5308, 5316, 5324, 5332, 5352, 5376, 5384, 5392, 5416, 5436, 5444, 5492, 5516, 5560, 5572, 5600, 5684, 5732, 5800, 5844, 5856, 5872, 5884, 5908, 6044, 6056, 6064, 6084, 6096, 6104, 6120, 6152, 6196, 6208, 6260, 6448, 6468, 6488, 6508, 6540, 6556, 6688, 6720, 6736, 6800, 6964, 7252, 7368, 7580, 7616, 7868, 8324, 8348, 8560, 8584, 8636, 8688, 8820, 8856, 9124, 9164, 9252, 9268, 9316, 9676, 9816, 9972, 10172, 10176, 10340, 10380, 10604, 10704, 10968, 11008, 11104, 11112, 11196, 11376, 11396, 11588, 11672, 11988, 12196, 12544, 12616, 12636, 12644, 12656, 13040, 13200, 13204, 13416, 13492, 13624, 13632, 13772, 13804, 13932, 14016, 14144, 14244, 14544, 14608, 14668, 14840, 14996, 15148, 15180, 15520, 15792, 15940, 16036, 16108, 16200, 16404, 16424, 16496, 16508, 16604, 16820, 16972, 17232, 17584, 17920, 17996, 18192, 18292, 18520, 18628, 18704, 18780, 18840, 18900, 18924, 19252, 19588, 19628, 19712, 19852, 20004, 20112, 20308, 20588, 20688, 20824, 20880, 20896, 20960, 21028, 21044, 21256, 21328, 21388, 21944, 21964, 22108, 22292, 22384, 22444, 22548, 22572, 22792, 22816, 23192, 23448, 23676, 23688, 23768, 23800, 23844, 24192, 24352, 24420, 24440, 24832, 24884, 25196, 25340, 25356, 25392, 25560]


******正在检测文件目录变化******
C:\Users\李逸雄\Desktop\www\www已被重命名为 C:\Users\李逸雄\Desktop\123\www
C:\Users\李逸雄\Desktop\www已被重命名为 C:\Users\李逸雄\Desktop\123
C:\Users\李逸雄\Desktop\NI Multisim 14.0.lnk已被修改
C:\Users\李逸雄\Desktop\TCO Certified.lnk已被修改
C:\Users\李逸雄\Desktop\Typora.lnk已被修改
C:\Users\李逸雄\Desktop\Visual Studio Code.lnk已被修改
C:\Users\李逸雄\Desktop\百度网盘.lnk已被修改
C:\Users\李逸雄\Desktop\飞书.lnk已被修改
C:\Users\李逸雄\Desktop\微信.lnk已被修改
C:\Users\李逸雄\Desktop\新建文件夹 (2)已被修改
C:\Users\李逸雄\Desktop\123已被修改
C:\Users\李逸雄\Desktop\123\www已被修改
******正在检测电脑相关信息功能******
2023-01-19 04:27:10
用户登录信息:[suser(name='李逸雄', terminal=None, host=None, started=1675009376.8154364, pid=None)]
cpu核心数：12
cpu详细信息：scputimes(user=61119.46875, system=149522.26562500093, idle=6579106.296874999, interrupt=2713.671875, dpc=1080.609375)
当前cpu总使用率：4.9%
内存使用情况:svmem(total=33974296576, available=18869141504, percent=44.5, used=15105155072, free=18869141504)
磁盘使用情况:sdiskusage(total=446228852736, used=121953546240, free=324275306496, percent=27.3)
正在运行的PID:[0, 4, 140, 172, 596, 804, 828, 840, 876, 884, 900, 956, 1080, 1196, 1240, 1252, 1256, 1316, 1376, 1408, 1432, 1460, 1468, 1556, 1608, 1612, 1636, 1680, 1760, 1820, 1828, 1836, 1848, 1860, 1904, 1960, 1996, 2072, 2084, 2120, 2128, 2184, 2244, 2252, 2272, 2296, 2312, 2320, 2404, 2408, 2448, 2476, 2532, 2548, 2564, 2652, 2708, 2792, 2984, 3024, 3036, 3084, 3092, 3100, 3200, 3208, 3244, 3380, 3572, 3624, 3656, 3676, 3716, 3724, 3728, 3756, 3848, 3860, 3880, 3976, 4056, 4152, 4264, 4268, 4316, 4492, 4652, 4736, 4756, 4784, 4824, 4848, 4960, 5008, 5016, 5212, 5240, 5276, 5284, 5292, 5300, 5308, 5316, 5324, 5332, 5352, 5376, 5384, 5392, 5416, 5436, 5444, 5492, 5516, 5560, 5572, 5600, 5684, 5800, 5844, 5856, 5872, 5884, 5908, 6044, 6056, 6064, 6084, 6096, 6104, 6120, 6152, 6196, 6208, 6260, 6448, 6468, 6488, 6508, 6540, 6556, 6688, 6720, 6736, 6800, 6964, 7252, 7368, 7580, 7616, 7868, 8324, 8348, 8560, 8584, 8636, 8688, 8820, 8856, 9164, 9252, 9268, 9316, 9676, 9816, 9972, 10172, 10176, 10340, 10380, 10420, 10604, 10704, 10968, 11112, 11196, 11376, 11396, 11588, 11672, 11988, 12024, 12196, 12544, 12616, 12636, 12656, 13040, 13200, 13204, 13416, 13492, 13624, 13632, 13772, 13804, 13932, 14016, 14244, 14544, 14608, 14668, 14840, 14996, 15148, 15180, 15336, 15520, 15792, 15940, 16108, 16200, 16404, 16424, 16508, 16604, 16820, 16972, 17232, 17584, 17760, 17920, 17996, 18192, 18292, 18520, 18628, 18704, 18840, 18900, 18924, 19252, 19588, 19660, 19712, 19852, 20004, 20112, 20308, 20584, 20588, 20688, 20824, 20880, 20896, 20960, 21028, 21044, 21256, 21328, 21388, 21944, 21964, 22108, 22384, 22444, 22548, 22572, 22792, 23192, 23448, 23676, 23688, 23800, 23844, 24192, 24352, 24420, 24440, 24476, 24832, 24884, 25196, 25340, 25356, 25392, 25516, 25560]


******正在检测文件目录变化******
C:\Users\李逸雄\Desktop\123已被删除
******正在检测电脑相关信息功能******
2023-01-19 04:27:10
用户登录信息:[suser(name='李逸雄', terminal=None, host=None, started=1675009376.8154364, pid=None)]
cpu核心数：12
cpu详细信息：scputimes(user=61129.453125, system=149531.3125, idle=6579518.796874999, interrupt=2714.578125, dpc=1081.09375)
当前cpu总使用率：2.2%
内存使用情况:svmem(total=33974296576, available=18904612864, percent=44.4, used=15069683712, free=18904612864)
磁盘使用情况:sdiskusage(total=446228852736, used=121948696576, free=324280156160, percent=27.3)
正在运行的PID:[0, 4, 140, 172, 596, 804, 828, 840, 876, 884, 900, 956, 1080, 1196, 1240, 1252, 1256, 1316, 1376, 1408, 1432, 1460, 1468, 1556, 1608, 1612, 1636, 1680, 1760, 1828, 1836, 1848, 1860, 1904, 1960, 1996, 2072, 2084, 2120, 2128, 2184, 2244, 2252, 2272, 2296, 2312, 2320, 2404, 2408, 2448, 2476, 2532, 2548, 2564, 2652, 2708, 2792, 2984, 3024, 3036, 3084, 3092, 3100, 3200, 3208, 3244, 3380, 3572, 3624, 3656, 3676, 3716, 3724, 3728, 3756, 3848, 3860, 3880, 3976, 4056, 4152, 4264, 4268, 4316, 4492, 4652, 4736, 4756, 4784, 4824, 4848, 4960, 5008, 5016, 5212, 5240, 5276, 5284, 5292, 5300, 5308, 5316, 5324, 5332, 5352, 5376, 5384, 5392, 5416, 5436, 5444, 5492, 5516, 5560, 5572, 5600, 5684, 5800, 5844, 5856, 5872, 5884, 5908, 6044, 6056, 6064, 6084, 6096, 6104, 6120, 6152, 6196, 6208, 6260, 6352, 6448, 6468, 6488, 6508, 6540, 6556, 6688, 6720, 6736, 6800, 6964, 7252, 7368, 7580, 7616, 7868, 8324, 8348, 8560, 8584, 8636, 8688, 8820, 8856, 9164, 9252, 9268, 9316, 9676, 9816, 9972, 10172, 10176, 10340, 10380, 10604, 10664, 10704, 10968, 11112, 11196, 11376, 11396, 11588, 11672, 11988, 12196, 12524, 12544, 12616, 12636, 12656, 13040, 13200, 13204, 13416, 13492, 13624, 13632, 13772, 13804, 13932, 14016, 14244, 14348, 14540, 14544, 14608, 14668, 14840, 14996, 15148, 15180, 15520, 15792, 15940, 16108, 16200, 16404, 16424, 16508, 16604, 16820, 16972, 17232, 17584, 17920, 17996, 18192, 18520, 18628, 18840, 18900, 18924, 19252, 19588, 19712, 19852, 20004, 20112, 20308, 20588, 20688, 20824, 20880, 20896, 20960, 21028, 21044, 21256, 21328, 21388, 21780, 21812, 21944, 21964, 22108, 22384, 22444, 22548, 22572, 22792, 23192, 23448, 23676, 23688, 23800, 23844, 24120, 24192, 24352, 24420, 24440, 24832, 24884, 25196, 25340, 25356, 25392, 25516, 25560]


******正在检测文件目录变化******
C:\Users\李逸雄\Desktop\123\www已被重命名为 C:\Users\李逸雄\Desktop\22\www
C:\Users\李逸雄\Desktop\123已被重命名为 C:\Users\李逸雄\Desktop\22
C:\Users\李逸雄\Desktop\22已被修改
